1.12|0|0|0.56
1.117|-0|0|0.5585
1.0802|-0|0|0.5401
1.0356|0.0005|0|0.5178
0.9915|0.0013|0|0.4957
0.9572|0.0025|0|0.4786
0.9253|0.0038|0|0.4627
0.8882|0.0054|0|0.4441
0.8495|0.0078|0|0.4247
0.8203|0.0095|0|0.4102
0.7891|0.0117|0.0026|0.3933
0.7568|0.0145|0.0026|0.3771
0.73|0.0169|0.0807|0.3246
0.706|0.0195|0.0807|0.3126
0.6835|0.0219|0.1489|0.2673
0.6623|0.0244|0.1489|0.2567
0.6451|0.0264|0.2022|0.2215
0.629|0.0285|0.2022|0.2134
0.6143|0.0305|0.2529|0.1807
0.5988|0.0328|0.2529|0.1729
0.5882|0.0344|0.2915|0.1483
0.5787|0.036|0.2915|0.1436
0.5685|0.0377|0.3223|0.1231
0.5603|0.0392|0.3223|0.119
0.554|0.0403|0.3479|0.103
0.5466|0.0417|0.3479|0.0993
0.5401|0.0429|0.3674|0.0864
0.5353|0.0438|0.3674|0.0839
0.5305|0.0448|0.3841|0.0732
0.5258|0.0456|0.3841|0.0709
0.5233|0.0462|0.3955|0.0639
0.5201|0.0468|0.3955|0.0623
0.5163|0.0477|0.4059|0.0552
0.5126|0.0485|0.4059|0.0533
0.5106|0.0489|0.4132|0.0487
0.5089|0.0493|0.4132|0.0479
0.5063|0.0499|0.4197|0.0433
0.5038|0.0506|0.4197|0.042
0.5021|0.051|0.424|0.0391
0.5012|0.0512|0.424|0.0386
0.499|0.0517|0.4283|0.0354
0.4977|0.0521|0.4283|0.0347
0.4976|0.0521|0.43|0.0338
0.4972|0.0522|0.43|0.0336
0.4956|0.0527|0.4339|0.0308
0.4943|0.053|0.4339|0.0302
0.4943|0.053|0.4348|0.0297
0.4941|0.0531|0.4348|0.0297
0.4934|0.0533|0.4367|0.0283
0.4934|0.0533|0.4367|0.0283
0.4934|0.0533|0.4374|0.028
0.4934|0.0533|0.4374|0.028
0.4934|0.0533|0.4385|0.0274
0.4934|0.0533|0.4385|0.0274
0.4934|0.0533|0.4387|0.0273
0.4934|0.0533|0.4387|0.0273
0.4934|0.0533|0.4387|0.0273
0.4934|0.0533|0.4387|0.0273
0.4934|0.0533|0.4387|0.0273
0.4934|0.0533|0.4387|0.0273
0.4934|0.0533|0.4387|0.0273
0.4934|0.0533|0.4387|0.0273
0.4934|0.0533|0.4387|0.0273
0.4934|0.0533|0.4387|0.0273
0.4934|0.0533|0.4387|0.0273
0.4934|0.0533|0.4387|0.0273
0.4934|0.0533|0.4387|0.0273
0.4934|0.0533|0.4387|0.0273
0.4934|0.0533|0.4387|0.0273
0.4934|0.0533|0.4387|0.0273
0.4934|0.0533|0.4387|0.0273
0.4934|0.0533|0.4387|0.0273
0.4934|0.0533|0.4387|0.0273
0.4934|0.0533|0.4387|0.0273
0.4934|0.0533|0.4387|0.0273
0.4934|0.0533|0.4387|0.0273
0.4934|0.0533|0.4387|0.0273
0.4934|0.0533|0.4387|0.0273
0.4934|0.0533|0.4387|0.0273
0.4934|0.0533|0.4387|0.0273
0.4934|0.0533|0.4387|0.0273
0.4934|0.0533|0.4387|0.0273
0.4934|0.0533|0.4387|0.0273
0.4934|0.0533|0.4387|0.0273
0.4934|0.0533|0.4387|0.0273
0.4934|0.0533|0.4387|0.0273
0.4934|0.0533|0.4387|0.0273
0.4934|0.0533|0.4387|0.0273
0.4934|0.0533|0.4387|0.0273
0.4934|0.0533|0.4387|0.0273
0.4934|0.0533|0.4387|0.0273
0.4934|0.0533|0.4387|0.0273
0.4934|0.0533|0.4387|0.0273
0.4934|0.0533|0.4387|0.0273
0.4934|0.0533|0.4387|0.0273
0.4934|0.0533|0.4387|0.0273
0.4934|0.0533|0.4387|0.0273
0.4934|0.0533|0.4387|0.0273
0.4934|0.0533|0.4387|0.0273
0.4934|0.0533|0.4387|0.0273
0.4934|0.0533|0.4387|0.0273
0.4934|0.0533|0.4387|0.0273
0.4934|0.0533|0.4387|0.0273
0.4934|0.0533|0.4387|0.0273
0.4934|0.0533|0.4387|0.0273
0.4934|0.0533|0.4387|0.0273
0.4934|0.0533|0.4387|0.0273
0.4934|0.0533|0.4387|0.0273
0.4934|0.0533|0.4387|0.0273
0.4934|0.0533|0.4387|0.0273
0.4934|0.0533|0.4387|0.0273
0.4934|0.0533|0.4387|0.0273
0.4934|0.0533|0.4387|0.0273
0.4934|0.0533|0.4387|0.0273
0.4934|0.0533|0.4387|0.0273
0.4934|0.0533|0.4387|0.0273
0.4934|0.0533|0.4387|0.0273
0.4934|0.0533|0.4387|0.0273
0.4934|0.0533|0.4387|0.0273
0.4934|0.0533|0.4387|0.0273
0.4934|0.0533|0.4387|0.0273
0.4934|0.0533|0.4387|0.0273
0.4934|0.0533|0.4387|0.0273
0.4934|0.0533|0.4387|0.0273
0.4934|0.0533|0.44|0.0267
0.4934|0.0533|0.44|0.0267
0.4934|0.0533|0.4426|0.0254
0.4932|0.0533|0.4426|0.0253
0.4921|0.0537|0.444|0.0241
0.4903|0.0542|0.444|0.0231
0.4899|0.0543|0.4444|0.0228
0.489|0.0546|0.4444|0.0223
0.4883|0.0548|0.4444|0.022
0.4878|0.055|0.4444|0.0217
0.4872|0.0552|0.4444|0.0214
0.4872|0.0552|0.4444|0.0214
0.4872|0.0552|0.4444|0.0214
0.4872|0.0552|0.4444|0.0214
0.4872|0.0552|0.4444|0.0214
0.4872|0.0552|0.4444|0.0214
0.4872|0.0552|0.4444|0.0214
0.4872|0.0552|0.4444|0.0214
0.4872|0.0552|0.4444|0.0214
0.4872|0.0552|0.4444|0.0214
0.4872|0.0552|0.4444|0.0214
0.4872|0.0552|0.4444|0.0214
0.4872|0.0552|0.4444|0.0214
0.4872|0.0552|0.4444|0.0214
0.4872|0.0552|0.4444|0.0214
0.4872|0.0552|0.4444|0.0214
0.4872|0.0552|0.4444|0.0214
0.4871|0.0552|0.4444|0.0213
0.4851|0.0559|0.4444|0.0204
0.4837|0.0564|0.4444|0.0196
0.4835|0.0564|0.4444|0.0196
0.4831|0.0566|0.4444|0.0194
0.4823|0.0569|0.4444|0.0189
0.4817|0.0571|0.4444|0.0187
0.4808|0.0574|0.4444|0.0182
0.4801|0.0576|0.4444|0.0179
0.4794|0.0579|0.4444|0.0175
0.4789|0.0581|0.4444|0.0172
0.4789|0.0581|0.4444|0.0172
0.4783|0.0583|0.4444|0.017
0.478|0.0584|0.4444|0.0168
0.478|0.0584|0.4444|0.0168
0.478|0.0584|0.4444|0.0168
0.478|0.0584|0.4444|0.0168
0.478|0.0584|0.4444|0.0168
0.478|0.0584|0.4444|0.0168
0.478|0.0584|0.4444|0.0168
0.478|0.0584|0.4444|0.0168
0.478|0.0584|0.4444|0.0168
0.478|0.0584|0.4444|0.0168
0.478|0.0584|0.4444|0.0168
0.478|0.0584|0.4444|0.0168
0.478|0.0584|0.4444|0.0168
0.478|0.0584|0.4444|0.0168
0.478|0.0584|0.4444|0.0168
0.478|0.0584|0.4444|0.0168
0.478|0.0584|0.4444|0.0168
0.478|0.0584|0.4444|0.0168
0.478|0.0584|0.4444|0.0168
0.478|0.0584|0.4444|0.0168
0.478|0.0584|0.4444|0.0168
0.478|0.0584|0.4444|0.0168
0.478|0.0584|0.4444|0.0168
0.478|0.0584|0.4444|0.0168
0.478|0.0584|0.4444|0.0168
0.478|0.0584|0.4444|0.0168
0.478|0.0584|0.4444|0.0168
0.478|0.0584|0.4444|0.0168
0.478|0.0584|0.4444|0.0168
0.478|0.0584|0.4444|0.0168
0.478|0.0584|0.4444|0.0168
0.478|0.0584|0.4444|0.0168
0.478|0.0584|0.4444|0.0168
0.478|0.0584|0.4444|0.0168
0.478|0.0584|0.4444|0.0168
0.478|0.0584|0.4444|0.0168
0.478|0.0584|0.4444|0.0168
0.478|0.0584|0.4444|0.0168
0.478|0.0584|0.4444|0.0168
0.478|0.0584|0.4444|0.0168
0.478|0.0584|0.4444|0.0168
0.478|0.0584|0.4444|0.0168
0.478|0.0584|0.4444|0.0168
0.478|0.0584|0.4444|0.0168
0.478|0.0584|0.4444|0.0168
0.478|0.0584|0.4444|0.0168
0.478|0.0584|0.4444|0.0168
0.478|0.0584|0.4444|0.0168
0.478|0.0584|0.4444|0.0168
0.478|0.0584|0.4444|0.0168
0.478|0.0584|0.4444|0.0168
0.478|0.0584|0.4444|0.0168
0.478|0.0584|0.4444|0.0168
0.478|0.0584|0.4444|0.0168
0.478|0.0584|0.4444|0.0168
0.478|0.0584|0.4444|0.0168
0.478|0.0584|0.4444|0.0168
0.478|0.0584|0.4444|0.0168
0.478|0.0584|0.4444|0.0168
0.478|0.0584|0.4444|0.0168
0.478|0.0584|0.4444|0.0168
0.478|0.0584|0.4444|0.0168
0.478|0.0584|0.4444|0.0168
0.478|0.0584|0.4444|0.0168
0.478|0.0584|0.4444|0.0168
0.478|0.0584|0.4444|0.0168
0.478|0.0584|0.4444|0.0168
0.478|0.0584|0.4444|0.0168
0.478|0.0584|0.4444|0.0168
0.478|0.0584|0.4444|0.0168
0.478|0.0584|0.4444|0.0168
0.478|0.0584|0.4444|0.0168
0.478|0.0584|0.4444|0.0168
0.478|0.0584|0.4444|0.0168
0.478|0.0584|0.4444|0.0168
0.478|0.0584|0.4444|0.0168
0.478|0.0584|0.4444|0.0168
0.478|0.0584|0.4444|0.0168
0.478|0.0584|0.4444|0.0168
0.478|0.0584|0.4444|0.0168
0.478|0.0584|0.4444|0.0168
0.478|0.0584|0.4444|0.0168
0.478|0.0584|0.4444|0.0168
0.478|0.0584|0.4444|0.0168
0.478|0.0584|0.4444|0.0168
0.478|0.0584|0.4444|0.0168
0.478|0.0584|0.4444|0.0168
0.478|0.0584|0.4444|0.0168
0.4776|0.0585|0.4444|0.0166
0.4776|0.0585|0.4444|0.0166
0.4775|0.0586|0.4444|0.0165
0.4775|0.0586|0.4444|0.0165
0.4775|0.0586|0.4444|0.0165
0.4775|0.0586|0.4444|0.0165
0.4775|0.0586|0.4444|0.0165
0.4775|0.0586|0.4444|0.0165
0.4775|0.0586|0.4444|0.0165
0.4775|0.0586|0.4444|0.0165
0.4775|0.0586|0.4444|0.0165
0.4775|0.0586|0.4444|0.0165
0.4775|0.0586|0.4444|0.0165
0.4775|0.0586|0.4444|0.0165
0.4775|0.0586|0.4444|0.0165
0.4775|0.0586|0.4444|0.0165
0.4775|0.0586|0.4444|0.0165
0.4775|0.0586|0.4444|0.0165
0.4775|0.0586|0.4444|0.0165
0.4775|0.0586|0.4444|0.0165
0.4775|0.0586|0.4444|0.0165
0.4775|0.0586|0.4444|0.0165
0.4775|0.0586|0.4444|0.0165
0.4775|0.0586|0.4444|0.0165
0.4775|0.0586|0.4444|0.0165
0.4775|0.0586|0.4444|0.0165
0.4775|0.0586|0.4444|0.0165
0.4775|0.0586|0.4444|0.0165
0.4775|0.0586|0.4444|0.0165
0.4775|0.0586|0.4444|0.0165
0.4775|0.0586|0.4444|0.0165
0.4775|0.0586|0.4444|0.0165
0.4775|0.0586|0.4444|0.0165
0.4775|0.0586|0.4444|0.0165
0.4775|0.0586|0.4444|0.0165
0.4775|0.0586|0.4444|0.0165
0.4775|0.0586|0.4444|0.0165
0.4775|0.0586|0.4444|0.0165
0.4775|0.0586|0.4444|0.0165
0.4775|0.0586|0.4444|0.0165
0.4775|0.0586|0.4444|0.0165
0.4775|0.0586|0.4444|0.0165
0.4775|0.0586|0.4444|0.0165
0.4775|0.0586|0.4444|0.0165
0.4775|0.0586|0.4444|0.0165
0.4775|0.0586|0.4444|0.0165
0.4775|0.0586|0.4444|0.0165
0.4775|0.0586|0.4444|0.0165
0.4775|0.0586|0.4444|0.0165
0.4775|0.0586|0.4444|0.0165
0.4775|0.0586|0.4444|0.0165
0.4775|0.0586|0.4444|0.0165
0.4775|0.0586|0.4444|0.0165
0.4775|0.0586|0.4444|0.0165
0.4775|0.0586|0.4444|0.0165
0.4775|0.0586|0.4444|0.0165
0.4775|0.0586|0.4444|0.0165
0.4775|0.0586|0.4444|0.0165
0.4775|0.0586|0.4444|0.0165
0.4775|0.0586|0.4444|0.0165
0.4775|0.0586|0.4444|0.0165
0.4775|0.0586|0.4444|0.0165
0.4775|0.0586|0.4444|0.0165
0.4775|0.0586|0.4444|0.0165
0.4775|0.0586|0.4444|0.0165
0.4775|0.0586|0.4444|0.0165
0.4775|0.0586|0.4444|0.0165
0.4775|0.0586|0.4444|0.0165
0.4775|0.0586|0.4444|0.0165
0.4775|0.0586|0.4444|0.0165
0.4775|0.0586|0.4444|0.0165
0.4775|0.0586|0.4444|0.0165
0.4775|0.0586|0.4444|0.0165
0.4775|0.0586|0.4444|0.0165
0.4775|0.0586|0.4444|0.0165
0.4775|0.0586|0.4444|0.0165
0.4775|0.0586|0.4444|0.0165
0.4775|0.0586|0.4444|0.0165
0.4775|0.0586|0.4444|0.0165
0.4775|0.0586|0.4444|0.0165
0.4775|0.0586|0.4444|0.0165
0.4775|0.0586|0.4444|0.0165
0.4775|0.0586|0.4444|0.0165
0.4775|0.0586|0.4444|0.0165
0.4775|0.0586|0.4444|0.0165
0.4775|0.0586|0.4444|0.0165
0.4775|0.0586|0.4444|0.0165
0.4775|0.0586|0.4444|0.0165
0.4775|0.0586|0.4444|0.0165
0.4775|0.0586|0.4444|0.0165
0.4775|0.0586|0.4444|0.0165
0.4775|0.0586|0.4444|0.0165
0.4775|0.0586|0.4444|0.0165
0.4775|0.0586|0.4444|0.0165
0.4775|0.0586|0.4444|0.0165
0.4775|0.0586|0.4444|0.0165
0.4775|0.0586|0.4444|0.0165
0.4775|0.0586|0.4444|0.0165
0.4775|0.0586|0.4444|0.0165
0.4775|0.0586|0.4444|0.0165
0.4775|0.0586|0.4444|0.0165
0.4775|0.0586|0.4444|0.0165
0.4775|0.0586|0.4444|0.0165
0.4775|0.0586|0.4444|0.0165
0.4775|0.0586|0.4444|0.0165
0.4775|0.0586|0.4444|0.0165
0.4775|0.0586|0.4444|0.0165
0.4775|0.0586|0.4444|0.0165
0.4775|0.0586|0.4444|0.0165
0.4775|0.0586|0.4444|0.0165
0.4775|0.0586|0.4444|0.0165
0.4775|0.0586|0.4444|0.0165
0.4775|0.0586|0.4444|0.0165
0.4775|0.0586|0.4444|0.0165
0.4775|0.0586|0.4444|0.0165
0.4775|0.0586|0.4444|0.0165
0.4775|0.0586|0.4444|0.0165
0.4775|0.0586|0.4444|0.0165
0.4775|0.0586|0.4444|0.0165
0.4775|0.0586|0.4444|0.0165
0.4775|0.0586|0.4444|0.0165
0.4775|0.0586|0.4444|0.0165
0.4775|0.0586|0.4444|0.0165
0.4775|0.0586|0.4444|0.0165
0.4775|0.0586|0.4444|0.0165
0.4775|0.0586|0.4444|0.0165
0.4775|0.0586|0.4444|0.0165
0.4775|0.0586|0.4444|0.0165
0.4775|0.0586|0.4444|0.0165
0.4775|0.0586|0.4444|0.0165
0.4775|0.0586|0.4444|0.0165
0.4775|0.0586|0.4444|0.0165
0.4775|0.0586|0.4444|0.0165
0.4775|0.0586|0.4444|0.0165
0.4775|0.0586|0.4444|0.0165
0.4775|0.0586|0.4444|0.0165
0.4775|0.0586|0.4444|0.0165
0.4775|0.0586|0.4444|0.0165
0.4775|0.0586|0.4444|0.0165
0.4775|0.0586|0.4444|0.0165
0.4775|0.0586|0.4444|0.0165
0.4775|0.0586|0.4444|0.0165
0.4775|0.0586|0.4444|0.0165
0.4775|0.0586|0.4444|0.0165
0.4775|0.0586|0.4444|0.0165
0.4775|0.0586|0.4444|0.0165
0.4775|0.0586|0.4444|0.0165
0.4775|0.0586|0.4444|0.0165
0.4775|0.0586|0.4444|0.0165
0.4775|0.0586|0.4444|0.0165
0.4775|0.0586|0.4444|0.0165
0.4775|0.0586|0.4444|0.0165
0.4775|0.0586|0.4444|0.0165
0.4775|0.0586|0.4444|0.0165
0.4775|0.0586|0.4444|0.0165
0.4775|0.0586|0.4444|0.0165
0.4775|0.0586|0.4444|0.0165
0.4775|0.0586|0.4444|0.0165
0.4775|0.0586|0.4444|0.0165
0.4775|0.0586|0.4444|0.0165
0.4775|0.0586|0.4444|0.0165
0.4775|0.0586|0.4444|0.0165
0.4775|0.0586|0.4444|0.0165
0.4775|0.0586|0.4444|0.0165
0.4775|0.0586|0.4444|0.0165
0.4775|0.0586|0.4444|0.0165
0.4775|0.0586|0.4444|0.0165
0.4775|0.0586|0.4444|0.0165
0.4775|0.0586|0.4444|0.0165
0.4775|0.0586|0.4444|0.0165
0.4775|0.0586|0.4444|0.0165
0.4775|0.0586|0.4444|0.0165
0.4775|0.0586|0.4444|0.0165
0.4775|0.0586|0.4444|0.0165
0.4775|0.0586|0.4444|0.0165
0.4775|0.0586|0.4444|0.0165
0.4775|0.0586|0.4444|0.0165
0.4775|0.0586|0.4444|0.0165
0.4775|0.0586|0.4444|0.0165
0.4775|0.0586|0.4444|0.0165
0.4775|0.0586|0.4444|0.0165
0.4775|0.0586|0.4444|0.0165
0.4775|0.0586|0.4444|0.0165
0.4775|0.0586|0.4444|0.0165
0.4775|0.0586|0.4444|0.0165
0.4775|0.0586|0.4444|0.0165
0.4775|0.0586|0.4444|0.0165
0.4775|0.0586|0.4444|0.0165
0.4775|0.0586|0.4444|0.0165
0.4775|0.0586|0.4444|0.0165
0.4775|0.0586|0.4444|0.0165
0.4775|0.0586|0.4444|0.0165
0.4775|0.0586|0.4444|0.0165
0.4775|0.0586|0.4444|0.0165
0.4775|0.0586|0.4444|0.0165
0.4775|0.0586|0.4444|0.0165
0.4775|0.0586|0.4444|0.0165
0.4775|0.0586|0.4444|0.0165
0.4775|0.0586|0.4444|0.0165
0.4775|0.0586|0.4444|0.0165
0.4775|0.0586|0.4444|0.0165
0.4775|0.0586|0.4444|0.0165
